0
1
2
3
4
5
6
7
8
9
10
11
12
13
14
15
16
17
18
19
20
21
22
23
24
25
26
27
28
29
30
31
32
33
34
35
36
37
38
39
40
41
42
43
44
45
46
47
48
49
50
51
52
53
54
55
56
57
58
59
60
61
62
63
64
65
66
67
68
69
70
71
72
73
74
75
76
77
78
79
80
81
82
83
84
85
86
87
88
89
90
91
92
93
94
95
96
97
98
99
100
101
102
103
104
105
106
107
108
109
110
111
112
113
114
115
116
117
118
119
120
121
122
123
124
125
126
127
128
129
130
131
132
133
134
135
136
137
138
139
140
141
142
143
144
145
146
147
148
149
150
151
152
153
154
155
156
157
158
159
160
161
162
163
164
165
166
167
168
169
170
171
172
173
174
175
176
177
178
179
180
181
182
183
184
185
186
187
188
189
190
191
192
193
194
195
196
197
198
199
200
201
202
203
204
205
206
207
208
209
210
211
212
213
214
215
216
217
218
219
220
221
222
223
224
225
226
227
228
229
230
231
232
233
234
235
236
237
238
239
240
241
242
243
244
245
246
247
248
249
250
251
252
253
254
255
256
260
264
268
272
276
280
284
288
292
296
300
304
308
312
316
320
324
328
332
336
340
344
348
352
356
360
364
368
372
376
380
384
388
392
396
400
404
408
412
416
420
424
428
432
436
440
444
448
452
456
460
464
468
472
476
480
484
488
492
496
500
504
508
512
516
520
524
528
532
536
540
544
548
552
556
560
564
568
572
576
580
584
588
592
596
600
604
608
612
616
620
624
628
632
636
640
644
648
652
656
660
664
668
672
676
680
684
688
692
696
700
704
708
712
716
720
724
728
732
736
740
744
748
752
756
760
764
768
772
776
780
784
788
792
796
800
804
808
812
816
820
824
828
832
836
840
844
848
852
856
860
864
868
872
876
880
884
888
892
896
900
904
908
912
916
920
924
928
932
936
940
944
948
952
956
960
964
968
972
976
980
984
988
992
996
1000
1004
1008
1012
1016
1020
1024
1040
1056
1072
1088
1104
1120
1136
1152
1168
1184
1200
1216
1232
1248
1264
1280
1296
1312
1328
1344
1360
1376
1392
1408
1424
1440
1456
1472
1488
1504
1520
1536
1552
1568
1584
1600
1616
1632
1648
1664
1680
1696
1712
1728
1744
1760
1776
1792
1808
1824
1840
1856
1872
1888
1904
1920
1936
1952
1968
1984
2000
2016
2032
2048
2064
2080
2096
2112
2128
2144
2160
2176
2192
2208
2224
2240
2256
2272
2288
2304
2320
2336
2352
2368
2384
2400
2416
2432
2448
2464
2480
2496
2512
2528
2544
2560
2576
2592
2608
2624
2640
2656
2672
2688
2704
2720
2736
2752
2768
2784
2800
2816
2832
2848
2864
2880
2896
2912
2928
2944
2960
2976
2992
3008
3024
3040
3056
3072
3088
3104
3120
3136
3152
3168
3184
3200
3216
3232
3248
3264
3280
3296
3312
3328
3344
3360
3376
3392
3408
3424
3440
3456
3472
3488
3504
3520
3536
3552
3568
3584
3600
3616
3632
3648
3664
3680
3696
3712
3728
3744
3760
3776
3792
3808
3824
3840
3856
3872
3888
3904
3920
3936
3952
3968
3984
4000
4016
4032
4048
4064
4080
4096
4160
4224
4288
4352
4416
4480
4544
4608
4672
4736
4800
4864
4928
4992
5056
5120
5184
5248
5312
5376
5440
5504
5568
5632
5696
5760
5824
5888
5952
6016
6080
6144
6208
6272
6336
6400
6464
6528
6592
6656
6720
6784
6848
6912
6976
7040
7104
7168
7232
7296
7360
7424
7488
7552
7616
7680
7744
7808
7872
7936
8000
8064
8128
8192
8256
8320
8384
8448
8512
8576
8640
8704
8768
8832
8896
8960
9024
9088
9152
9216
9280
9344
9408
9472
9536
9600
9664
9728
9792
9856
9920
9984
10048
10112
10176
10240
10304
10368
10432
10496
10560
10624
10688
10752
10816
10880
10944
11008
11072
11136
11200
11264
11328
11392
11456
11520
11584
11648
11712
11776
11840
11904
11968
12032
12096
12160
12224
12288
12352
12416
12480
12544
12608
12672
12736
12800
12864
12928
12992
13056
13120
13184
13248
13312
13376
13440
13504
13568
13632
13696
13760
13824
13888
13952
14016
14080
14144
14208
14272
14336
14400
14464
14528
14592
14656
14720
14784
14848
14912
14976
15040
15104
15168
15232
15296
15360
15424
15488
15552
15616
15680
15744
15808
15872
15936
16000
16064
16128
16192
16256
16320
16384
16640
16896
17152
17408
17664
17920
18176
18432
18688
18944
19200
19456
19712
19968
20224
20480
20736
20992
21248
21504
21760
22016
22272
22528
22784
23040
23296
23552
23808
24064
24320
24576
24832
25088
25344
25600
25856
26112
26368
26624
26880
27136
27392
27648
27904
28160
28416
28672
28928
29184
29440
29696
29952
30208
30464
30720
30976
31232
31488
31744
32000
32256
32512
32768
33024
33280
33536
33792
34048
34304
34560
34816
35072
35328
35584
35840
36096
36352
36608
36864
37120
37376
37632
37888
38144
38400
38656
38912
39168
39424
39680
39936
40192
40448
40704
40960
41216
41472
41728
41984
42240
42496
42752
43008
43264
43520
43776
44032
44288
44544
44800
45056
45312
45568
45824
46080
46336
46592
46848
47104
47360
47616
47872
48128
48384
48640
48896
49152
49408
49664
49920
50176
50432
50688
50944
51200
51456
51712
51968
52224
52480
52736
52992
53248
53504
53760
54016
54272
54528
54784
55040
55296
55552
55808
56064
56320
56576
56832
57088
57344
57600
57856
58112
58368
58624
58880
59136
59392
59648
59904
60160
60416
60672
60928
61184
61440
61696
61952
62208
62464
62720
62976
63232
63488
63744
64000
64256
64512
64768
65024
65280
